18.457600,11.980328
18.466908,11.916800
18.457600,11.857044
18.443731,11.782400
18.431936,11.692800
18.423514,11.603200
18.427536,11.513600
18.423298,11.424000
18.420271,11.334400
18.422127,11.244800
18.412764,11.200000
18.404298,11.110400
18.405464,11.020800
18.392912,10.931200
18.382923,10.841600
18.381452,10.752000
18.377642,10.662400
18.370849,10.572800
18.364502,10.528000
18.361134,10.438400
18.351539,10.348800
18.342710,10.259200
18.330685,10.169600
18.323200,10.121750
18.309902,10.035200
18.291851,9.945600
18.278400,9.898822
18.244200,9.811200
18.216914,9.766400
18.186701,9.721600
18.144000,9.663040
18.099200,9.613350
18.054400,9.565056
18.009600,9.516573
17.964800,9.479866
17.920000,9.441316
17.875200,9.397736
17.830400,9.357546
17.785600,9.318179
17.734215,9.273600
17.685449,9.228800
17.637885,9.184000
17.593467,9.139200
17.548579,9.094400
17.507131,9.049600
17.463763,9.004800
17.420628,8.960000
17.372954,8.915200
17.323218,8.870400
17.273998,8.825600
17.226384,8.780800
17.180585,8.736000
17.132078,8.691200
17.082907,8.646400
17.037618,8.601600
16.988359,8.556800
16.945365,8.512000
16.897760,8.467200
16.853929,8.422400
16.803967,8.377600
16.755200,8.344310
16.710400,8.307840
16.665600,8.270307
16.620800,8.232822
16.575619,8.198400
16.516565,8.153600
16.459450,8.108800
16.396800,8.065092
16.352000,8.033300
16.307200,8.000573
16.256993,7.974400
16.174606,7.929600
16.128000,7.901707
16.083200,7.872792
16.013188,7.840000
15.948800,7.809147
15.903747,7.795200
15.814400,7.767900
15.724800,7.752889
15.669508,7.750400
15.590400,7.736987
15.500800,7.718573
15.430533,7.705600
15.366400,7.691778
15.276800,7.669863
15.222329,7.660800
15.142400,7.642110
15.052800,7.623560
15.008000,7.611815
14.918400,7.588767
14.844521,7.571200
14.784000,7.554948
14.694400,7.532587
14.649600,7.525103
14.560000,7.501207
14.479265,7.481600
14.425600,7.471603
14.336000,7.451406
14.246400,7.440150
14.196406,7.436800
14.112000,7.423694
14.022400,7.408354
13.932800,7.394549
13.888000,7.385857
13.798400,7.372794
13.708800,7.358726
13.619200,7.351128
13.574400,7.346811
13.529600,7.349474
13.440000,7.348986
13.350400,7.354546
13.260800,7.374840
13.216000,7.393706
13.126400,7.421453
13.081472,7.436800
12.992000,7.458178
12.902400,7.479352
12.857600,7.489224
12.768000,7.514125
12.723200,7.526948
12.633600,7.547226
12.547741,7.571200
12.499200,7.579098
12.409600,7.595828
12.329287,7.616000
12.275200,7.648328
12.230400,7.661939
12.140800,7.696624
12.096000,7.711968
12.006400,7.739345
11.957244,7.750400
11.872000,7.762093
11.782400,7.766726
11.692800,7.772473
11.603200,7.781107
11.528671,7.795200
11.468800,7.812500
11.379200,7.827560
11.331478,7.840000
11.244800,7.865100
11.190772,7.884800
11.110400,7.919259
11.065600,7.942703
10.989366,7.974400
10.931200,8.016983
10.888890,8.064000
10.841600,8.099704
10.806841,8.153600
10.794194,8.198400
10.768159,8.288000
10.752000,8.368678
10.746215,8.422400
10.726781,8.512000
10.708914,8.601600
10.701897,8.646400
10.683633,8.736000
10.663606,8.825600
10.652578,8.870400
10.647800,8.960000
10.646207,9.049600
10.639798,9.139200
10.635343,9.228800
10.635687,9.318400
10.633185,9.408000
10.634817,9.497600
10.629652,9.587200
10.618017,9.676800
10.608998,9.721600
10.606109,9.811200
10.599069,9.900800
10.595004,9.990400
10.586861,10.080000
10.572800,10.154338
10.560316,10.214400
10.545067,10.304000
10.528000,10.370540
10.516234,10.438400
10.506198,10.528000
10.504473,10.617600
10.502469,10.707200
10.499786,10.796800
10.498762,10.886400
10.494546,10.976000
10.496379,11.065600
10.501182,11.155200
10.509604,11.244800
10.521576,11.334400
10.528000,11.393186
10.538255,11.468800
10.561680,11.558400
10.572800,11.606856
10.594380,11.692800
10.617139,11.782400
10.629475,11.827200
10.651865,11.916800
10.667597,11.961600
10.692777,12.051200
10.708937,12.096000
10.743645,12.185600
10.762950,12.230400
10.796800,12.299898
10.829913,12.364800
10.855323,12.409600
10.886400,12.477197
10.917686,12.544000
10.933900,12.588800
10.964040,12.678400
10.983511,12.723200
11.008516,12.812800
11.037132,12.857600
11.065600,12.934465
11.080613,12.992000
11.102241,13.081600
11.115822,13.126400
11.137842,13.216000
11.155200,13.278959
11.165326,13.350400
11.174924,13.440000
11.176949,13.529600
11.167669,13.619200
11.155200,13.668145
11.132515,13.753600
11.110400,13.824723
11.091426,13.888000
11.065600,13.965738
11.045048,14.022400
11.020800,14.088707
10.995808,14.156800
10.976000,14.211827
10.951480,14.291200
10.931200,14.348255
10.908531,14.425600
10.886400,14.488718
10.863738,14.560000
10.841600,14.611302
10.802351,14.694400
10.788310,14.739200
10.752000,14.813246
10.718240,14.873600
10.701251,14.918400
10.682708,15.008000
10.683343,15.097600
10.683605,15.187200
10.687256,15.276800
10.690698,15.366400
10.707200,15.436984
10.724690,15.500800
10.752000,15.581869
10.770130,15.635200
10.796800,15.695546
10.831105,15.769600
10.858633,15.814400
10.886400,15.880712
10.906921,15.948800
10.931200,16.027238
10.956626,16.083200
10.976000,16.161516
10.995681,16.217600
11.038335,16.262400
11.068701,16.307200
11.107894,16.396800
11.130310,16.441600
11.155200,16.503091
11.177670,16.576000
11.200000,16.634031
11.218984,16.710400
11.245611,16.755200
11.289600,16.838309
11.325890,16.889600
11.349769,16.934400
11.379200,16.987034
11.424000,17.057292
11.468800,17.105192
11.507835,17.158400
11.548299,17.203200
11.586651,17.248000
11.605396,17.292800
11.648000,17.366503
11.692800,17.400156
11.767965,17.427200
11.827200,17.451450
11.877603,17.472000
11.938686,17.516800
11.983696,17.561600
12.006814,17.606400
12.051200,17.692341
12.087476,17.740800
12.126139,17.785600
12.153080,17.830400
12.185600,17.895972
12.230400,17.954308
12.258919,18.009600
12.305533,18.054400
12.352538,18.099200
12.406044,18.144000
12.454400,18.171056
12.499200,18.210960
12.544000,18.246125
12.588800,18.293247
12.637167,18.323200
12.683381,18.368000
12.747713,18.412800
12.801746,18.457600
12.852696,18.502400
12.902400,18.533894
12.947200,18.568465
12.992000,18.600369
13.071727,18.636800
13.126400,18.662556
13.171200,18.684420
13.260800,18.715543
13.305600,18.735852
13.395200,18.768682
13.440000,18.786300
13.529600,18.815887
13.574400,18.818544
13.664000,18.831007
13.753600,18.848346
13.804624,18.860800
13.888000,18.880371
13.977600,18.903486
14.022400,18.912265
14.112000,18.934842
14.181139,18.950400
14.246400,18.968032
14.334074,18.995200
14.380800,19.011567
14.470400,19.026540
14.560000,19.033355
14.649600,19.034595
14.739200,19.032983
14.828800,19.018546
14.918400,18.997455
14.963200,18.992993
15.052800,18.963604
15.097600,18.949694
15.187200,18.923183
15.246484,18.905600
15.321600,18.877224
15.366400,18.853652
15.438611,18.816000
15.500800,18.783655
15.545600,18.769436
15.635200,18.730442
15.680000,18.708637
15.759700,18.681600
15.814400,18.660448
15.888396,18.636800
15.948800,18.615692
16.029902,18.592000
16.083200,18.574312
16.170158,18.547200
16.217600,18.531187
16.277653,18.502400
16.350440,18.457600
16.396800,18.413426
16.441390,18.368000
16.482305,18.323200
16.522218,18.278400
16.566295,18.233600
16.614583,18.188800
16.646953,18.144000
16.665600,18.098972
16.727476,18.054400
16.800000,18.016515
16.813821,17.964800
16.844800,17.888159
16.873854,17.830400
16.889600,17.776464
16.926440,17.696000
16.935976,17.651200
16.979200,17.564128
16.995624,17.516800
17.024000,17.449979
17.059220,17.382400
17.086599,17.337600
17.113600,17.280507
17.154828,17.203200
17.167319,17.158400
17.193657,17.068800
17.204399,17.024000
17.243702,16.934400
17.257481,16.889600
17.292800,16.820829
17.331024,16.755200
17.373969,16.710400
17.391520,16.665600
17.427200,16.615478
17.478506,16.576000
17.529282,16.531200
17.572974,16.486400
17.606400,16.405936
17.638266,16.352000
17.656489,16.307200
17.696000,16.218633
17.725435,16.172800
17.740800,16.110281
17.756293,16.038400
17.767498,15.948800
17.774880,15.859200
17.785600,15.795551
17.794404,15.724800
17.805528,15.635200
17.825111,15.545600
17.843130,15.500800
17.867255,15.411200
17.876434,15.366400
17.902970,15.276800
17.925971,15.232000
17.964800,15.163289
17.991654,15.097600
18.011463,15.052800
18.040646,14.963200
18.056497,14.918400
18.080699,14.828800
18.100062,14.784000
18.094126,14.739200
18.102107,14.694400
18.113969,14.604800
18.113995,14.515200
18.112278,14.425600
18.122215,14.336000
18.128302,14.246400
18.131154,14.156800
18.135933,14.067200
18.144000,14.004994
18.159973,13.932800
18.177400,13.843200
18.188800,13.762326
18.198996,13.708800
18.217385,13.619200
18.233600,13.560362
18.252218,13.484800
18.265458,13.395200
18.278400,13.307426
18.287269,13.260800
18.298212,13.171200
18.309316,13.081600
18.322411,12.992000
18.331643,12.947200
18.352776,12.857600
18.368000,12.790562
18.374209,12.723200
18.386818,12.633600
18.399815,12.544000
18.402302,12.454400
18.412800,12.383647
18.412800,12.328104
18.412800,12.304174
18.412800,12.252733
18.410768,12.185600
18.412800,12.133916
18.427026,12.051200
